25065
-21906
9269
-6274
9437
-6264
-6280
9385
-6297
9262
-6280
-6268
9430
-6277
9358
-6250
-6297
9356
-6366
9534
-6450
-6279
9437
-6273
9349
-6283
-6267
9383
-6296
9354
-6329
-6175
9306
-6352
9432
-6267
-6270
9378
-6317
9352
-6269
-6245
9382
-6333
9379
-6295
-6273
9406
-6319
9345
-6276
-6273
9343
-6267
9351
-6273
-6284
9315
-6226
9262
-6181
-6275
9342
-6265
9264
-6199
-6259
9364
-6373
9347
-6144
9311
-6258
-6288
9261
-6177
-6262
9334
-6271
9259
-6179
9340
-6252
-6285
9264
-6120
9282
-6267
-6277
9257
-6141
-6297
9306
-6242
9260
-6183
9337
-6193
-6339
9263
-6186
9330
-6208
-6317
9260
-6180
9341
-6262
-6296
9279
-6155
9323
-6278
-6266
9256
-6260
9431
-6272
-6270
9311
-6229
9344
-6273
-6283
9333
-6245
9337
-6210
-6322
9428
-6348
9363
-6247
-6328
9405
-6306
9350
-6268
-6282
9355
-6357
9367
-6211
-6266
9347
-6285
9360
-6209
-6342
9355
-6268
9303
-6230
-6273
9350
-6269
9347
-6207
-6323
9383
-6316
9339
-6202
-6335
9345
-6275
9352
-6219
-6320
9395
-6339
9371
-6261
-6369
9464
-6290
9306
-6168
-6344
9365
-6287
9260
-6175
-6280
9330
-6333
9400
-6237
-6271
9343
-6296
9291
-6133
-6316
9393
-6335
9270
-6121
-6418
9502
-6334
9252
-6203
9370
-6260
-6280
9256
-6175
-6229
9304
-6275
9259
-6192
-6264
9355
-6283
9271
-6196
9276
-6177
-6294
9270
-6179
9351
-6233
-6326
9272
-6202
9371
-6274
-6271
9168
-6924
7472
-6661
8671
-6766
6844
-6026
-6971
7513
-6184
9262
-6210
9378
-6266
-6283
9264
-6189
9357
-6217
-6330
9265
-6197
9363
-6231
-6329
9274
-6186
9343
-6219
-6314
9256
-6183
9341
-6257
-6277
9259
-6189
9352
-6215
-6326
9306
-6228
9353
-6234
-6320
9377
-6291
9263
-6130
-6337
9364
-6286
9346
-6192
-6313
9349
-6301
9389
-6339
-6244
9384
-6307
9348
-6279
-6257
9356
-6285
9352
-6275
-6356
9436
-6272
9361
-6294
-6270
9358
-6258
9340
-6211
-6333
9392
-6327
9325
-6229
-6271
9381
-6311
9351
-6279
-6250
9399
-6339
9254
-6114
-6337
9351
-6275
9349
-6273
-6278
9372
-6287
9265
-6196
-6351
9451
-6281
9272
-6238
-6235
9391
-6315
9263
-6204
-6261
9370
-6370
9348
-6125
9249
-6157
-6348
9282
-6204
9355
-6222
-6322
9263
-6220
-6243
9344
-6261
9265
-6149
-6316
9344
-6265
9262
-6129
9299
-6278
-6364
9354
-6191
9354
-6234
-6309
9268
-6199
9361
-6264
-6285
9264
-6178
9344
-6272
-6274
9262
-6271
9437
-6273
-6271
9260
-6178
9257
-6172
-6286
9260
-6176
9344
-6266
-6278
9294
-6218
9352
-6309
-6236
9339
-6263
9351
-6267
-6273
9338
-6256
9346
-6203
-6384
9392
-6278
9344
-6263
-6275
9352
-6265
9340
-6273
-6269
9338
-6299
9385
-6209
-6335
9343
-6266
9357
-6274
-6276
9364
-6300
9362
-6301
-6242
9322
-6246
9349
-6215
-6329
9346
-6268
9348
-6186
-6327
9293
-6252
9384
-6222
-6355
9368
-6290
9334
-6240
-6282
9361
-6277
9326
-6256
-6268
9357
-6289
9286
-6204
-6283
9374
-6285
9276
-6290
-6180
9255
-6177
9253
-6195
-6275
9360
-6355
9395
-6182
-6331
9272
-6239
9337
-6120
-6373
9281
-6274
9349
-6270
9397
-6272
-6266
9302
-6162
9324
-6258
-6285
9256
-6188
9316
-6321
-6105
9188
-6184
9263
-6197
-6264
9266
-6282
9351
-6264
-6148
9220
-6226
9300
9357
-21893
9343
-6270
9346
-6139
-6405
9349
-6269
9348
-6274
-6272
9356
-6278
9349
-6271
-6241
9320
-6242
9414
-6365
-6189
9338
-6343
9427
-6259
-6278
9392
-6316
9266
-6192
-6275
9361
-6283
9277
-6192
-6269
9322
-7908
-1970
9347
-6190
9204
-6208
-6343
9341
-6160
9245
-6194
-6266
9343
-6272
9282
-6154
-6317
9343
-6272
9267
-6269
-6185
9354
-6277
9258
-6206
-6247
9353
-6273
9323
-6255
-6261
9352
-6371
9351
-6145
-6240
9222
-6218
9308
-6220
-6284
9363
-6311
9348
-6169
9284
-6267
-6283
9267
-6218
-6248
9353
-6276
9269
-6264
-6208
9364
-6312
9334
-6202
9338
-6253
-6275
9243
-6184
9352
-6336
-6304
9357
-6192
9262
-6190
-6278
9275
-6273
9426
-6253
-6362
9343
-6186
9273
-6195
-6349
9347
-6097
9169
-6181
-6271
9273
-6287
9432
-6271
-6264
9330
-6248
9252
-6274
-6186
9384
-6386
9440
-6306
-6242
9257
-6102
9182
-6270
-6203
9309
-6304
9381
-6298
-6202
9274
-6273
9350
-6135
-6336
9355
-6253
9266
-6202
-6265
9332
-6252
9256
-6180
-6273
9425
-6356
9325
-6242
-6360
9427
-6258
9263
-6143
-6315
9353
-6282
9297
-6225
-6267
9361
-6277
9324
-6276
-6262
9289
-6205
9275
-6194
-6257
9308
-6248
9301
-6224
-6255
9315
-6177
9234
-6143
-6309
9218
-6272
9411
-6207
9222
-6259
-6201
9279
-6204
-6275
9357
-6311
9356
-6325
9353
-6133
-6343
9281
-6276
9432
-6188
-6282
9240
-6180
9212
-6148
-6250
9211
-6192
9270
-6146
-6345
9293
-6198
9267
-6273
-6142
9220
-6272
9475
-6318
-6246
9249
-6203
9331
-6242
-6265
9259
-6190
9285
-6128
-6317
9259
-6285
9427
-6274
-6271
9389
-6318
9355
-6271
-6273
9392
-6400
9352
-6194
-6301
9426
-6333
9292
-6194
-6261
9255
-6171
9334
-6308
-6249
9269
-6262
9424
-6353
-6185
9345
-6229
9272
-6241
-6350
9448
-6193
9268
-6315
-6241
9414
9284
-6351
-6193
-6271
9260
-6124
9208
-6196
-6264
9403
-6409
9340
-6128
-6336
9369
-6313
9366
-6258
-6360
9349
-6273
9353
-6124
-6338
9405
-6324
9321
-6243
-6270
9353
-6275
9264
-6228
-6249
9403
-6309
9271
-6193
-6271
9353
-6276
9318
-6252
-6260
9262
-6171
9312
-6248
9347
-6291
-6259
9322
-6242
9276
-6135
-6368
9303
-6177
9252
-6106
-6359
9269
-6271
-6209
9365
-6275
9276
-6273
9344
-6118
-6246
9167
-6138
-6313
9308
-6236
9289
-6283
9431
-6302
-6253
9267
-6190
9285
-6141
-6339
9265
-6211
9291
-6227
-6235
9274
-6208
9368
-6269
-6318
9363
-6243
9260
-6184
-6270
9351
-6362
9512
-6351
-6189
9343
-6425
9464
-6333
-6270
9297
-6200
9269
-6212
-6295
9466
-6350
9352
-6262
-6275
9343
-6251
9242
-6133
-6328
9331
-6252
9359
-6269
-6276
9419
-6341
9344
-6219
-6327
9424
-6340
9325
-6244
-6260
9349
-6305
9386
-6288
-6275
9350
-6273
9322
-6287
-6259
9308
-6107
4508
-6393
9420
-6179
9190
-6125
-6376
9347
-6232
9346
-6337
-6156
9305
-6325
9315
-6131
-6316
9410
-6388
9328
-6227
-6251
9346
-6216
9296
-6267
-6285
-100000
