125065
78094
109269
93726
109437
93736
93720
109385
93703
109262
93720
93732
109430
93723
109358
93750
93703
109356
93634
109534
93550
93721
109437
93727
109349
93717
93733
109383
93704
109354
93671
93825
109306
93648
109432
93733
93730
109378
93683
109352
93731
93755
109382
93667
109379
93705
93727
109406
93681
109345
93724
93727
109343
93733
109351
93727
93716
109315
93774
109262
93819
93725
109342
93735
109264
93801
93741
109364
93627
109347
93856
109311
93742
93712
109261
93823
93738
109334
93729
109259
93821
109340
93748
93715
109264
93880
109282
93733
93723
109257
93859
93703
109306
93758
109260
93817
109337
93807
93661
109263
93814
109330
93792
93683
109260
93820
109341
93738
93704
109279
93845
109323
93722
93734
109256
93740
109431
93728
93730
109311
93771
109344
93727
93717
109333
93755
109337
93790
93678
109428
93652
109363
93753
93672
109405
93694
109350
93732
93718
109355
93643
109367
93789
93734
109347
93715
109360
93791
93658
109355
93732
109303
93770
93727
109350
93731
109347
93793
93677
109383
93684
109339
93798
93665
109345
93725
109352
93781
93680
109395
93661
109371
93739
93631
109464
93710
109306
93832
93656
109365
93713
109260
93825
93720
109330
93667
109400
93763
93729
109343
93704
109291
93867
93684
109393
93665
109270
93879
93582
109502
93666
109252
93797
109370
93740
93720
109256
93825
93771
109304
93725
109259
93808
93736
109355
93717
109271
93804
109276
93823
93706
109270
93821
109351
93767
93674
109272
93798
109371
93726
93729
109168
93076
107472
93339
108671
93234
106844
93974
93029
107513
93816
109262
93790
109378
93734
93717
109264
93811
109357
93783
93670
109265
93803
109363
93769
93671
109274
93814
109343
93781
93686
109256
93817
109341
93743
93723
109259
93811
109352
93785
93674
109306
93772
109353
93766
93680
109377
93709
109263
93870
93663
109364
93714
109346
93808
93687
109349
93699
109389
93661
93756
109384
93693
109348
93721
93743
109356
93715
109352
93725
93644
109436
93728
109361
93706
93730
109358
93742
109340
93789
93667
109392
93673
109325
93771
93729
109381
93689
109351
93721
93750
109399
93661
109254
93886
93663
109351
93725
109349
93727
93722
109372
93713
109265
93804
93649
109451
93719
109272
93762
93765
109391
93685
109263
93796
93739
109370
93630
109348
93875
109249
93843
93652
109282
93796
109355
93778
93678
109263
93780
93757
109344
93739
109265
93851
93684
109344
93735
109262
93871
109299
93722
93636
109354
93809
109354
93766
93691
109268
93801
109361
93736
93715
109264
93822
109344
93728
93726
109262
93729
109437
93727
93729
109260
93822
109257
93828
93714
109260
93824
109344
93734
93722
109294
93782
109352
93691
93764
109339
93737
109351
93733
93727
109338
93744
109346
93797
93616
109392
93722
109344
93737
93725
109352
93735
109340
93727
93731
109338
93701
109385
93791
93665
109343
93734
109357
93726
93724
109364
93700
109362
93699
93758
109322
93754
109349
93785
93671
109346
93732
109348
93814
93673
109293
93748
109384
93778
93645
109368
93710
109334
93760
93718
109361
93723
109326
93744
93732
109357
93711
109286
93796
93717
109374
93715
109276
93710
93820
109255
93823
109253
93805
93725
109360
93645
109395
93818
93669
109272
93761
109337
93880
93627
109281
93726
109349
93730
109397
93728
93734
109302
93838
109324
93742
93715
109256
93812
109316
93679
93895
109188
93816
109263
93803
93736
109266
93718
109351
93736
93852
109220
93774
109300
109357
78107
109343
93730
109346
93861
93595
109349
93731
109348
93726
93728
109356
93722
109349
93729
93759
109320
93758
109414
93635
93811
109338
93657
109427
93741
93722
109392
93684
109266
93808
93725
109361
93717
109277
93808
93731
109322
92092
98030
109347
93810
109204
93792
93657
109341
93840
109245
93806
93734
109343
93728
109282
93846
93683
109343
93728
109267
93731
93815
109354
93723
109258
93794
93753
109353
93727
109323
93745
93739
109352
93629
109351
93855
93760
109222
93782
109308
93780
93716
109363
93689
109348
93831
109284
93733
93717
109267
93782
93752
109353
93724
109269
93736
93792
109364
93688
109334
93798
109338
93747
93725
109243
93816
109352
93664
93696
109357
93808
109262
93810
93722
109275
93727
109426
93747
93638
109343
93814
109273
93805
93651
109347
93903
109169
93819
93729
109273
93713
109432
93729
93736
109330
93752
109252
93726
93814
109384
93614
109440
93694
93758
109257
93898
109182
93730
93797
109309
93696
109381
93702
93798
109274
93727
109350
93865
93664
109355
93747
109266
93798
93735
109332
93748
109256
93820
93727
109425
93644
109325
93758
93640
109427
93742
109263
93857
93685
109353
93718
109297
93775
93733
109361
93723
109324
93724
93738
109289
93795
109275
93806
93743
109308
93752
109301
93776
93745
109315
93823
109234
93857
93691
109218
93728
109411
93793
109222
93741
93799
109279
93796
93725
109357
93689
109356
93675
109353
93867
93657
109281
93724
109432
93812
93718
109240
93820
109212
93852
93750
109211
93808
109270
93854
93655
109293
93802
109267
93727
93858
109220
93728
109475
93682
93754
109249
93797
109331
93758
93735
109259
93810
109285
93872
93683
109259
93715
109427
93726
93729
109389
93682
109355
93729
93727
109392
93600
109352
93806
93699
109426
93667
109292
93806
93739
109255
93829
109334
93692
93751
109269
93738
109424
93647
93815
109345
93771
109272
93759
93650
109448
93807
109268
93685
93759
109414
109284
93649
93807
93729
109260
93876
109208
93804
93736
109403
93591
109340
93872
93664
109369
93687
109366
93742
93640
109349
93727
109353
93876
93662
109405
93676
109321
93757
93730
109353
93725
109264
93772
93751
109403
93691
109271
93807
93729
109353
93724
109318
93748
93740
109262
93829
109312
93752
109347
93709
93741
109322
93758
109276
93865
93632
109303
93823
109252
93894
93641
109269
93729
93791
109365
93725
109276
93727
109344
93882
93754
109167
93862
93687
109308
93764
109289
93717
109431
93698
93747
109267
93810
109285
93859
93661
109265
93789
109291
93773
93765
109274
93792
109368
93731
93682
109363
93757
109260
93816
93730
109351
93638
109512
93649
93811
109343
93575
109464
93667
93730
109297
93800
109269
93788
93705
109466
93650
109352
93738
93725
109343
93749
109242
93867
93672
109331
93748
109359
93731
93724
109419
93659
109344
93781
93673
109424
93660
109325
93756
93740
109349
93695
109386
93712
93725
109350
93727
109322
93713
93741
109308
93893
104508
93607
109420
93821
109190
93875
93624
109347
93768
109346
93663
93844
109305
93675
109315
93869
93684
109410
93612
109328
93773
93749
109346
93784
109296
93733
93715
