16444
1211
4549
6558
6194
8785
3251
8276
10412
5320
3853
5182
4600
6531
14366
2839
12988
8402
9723
1271
7969
13806
3341
8864
14981
1496
16425
10944
1095
2918
5376
5853
16451
5869
12795
11098
8769
6660
3995
8080
10773
11125
1578
7222
9100
3893
1157
7181
4323
2261
13236
3455
13617
15594
5135
6140
6329
16710
8811
2701
5877
8943
2652
3779
2742
7474
9800
10228
8372
8979
2505
2774
5583
2229
8668
10944
5592
1257
4486
5573
1500
6362
12745
14617
11336
3676
3729
8480
16610
901
7263
3562
8743
11313
15760
9022
13455
16320
4864
5876
6377
6382
2049
10154
8032
9880
2368
8033
11181
7189
4942
9546
1911
6300
8884
3812
7603
8445
9959
7410
3248
11447
7442
2342
16830
10035
17050
4297
5504
2258
4366
2631
8518
9731
4722
7043
6787
2743
7219
12857
3915
1217
6269
10856
7446
1467
2523
9634
5090
14914
15321
15924
7803
9724
6667
14388
2327
9338
6645
8977
3731
1567
8047
5300
10010
10048
8856
17792
17844
9597
2608
1067
14419
1333
1862
13541
17014
14301
883
1343
1975
5450
14662
7630
12019
16529
16724
10265
9325
11179
11591
5685
9184
11336
13428
7662
9944
14152
13274
10051
5125
8367
5270
9196
5251
6756
16967
4291
13827
5901
6890
3457
3410
13446
1513
8280
7500
6767
15997
6405
13377
7291
8664
1252
7782
3941
4040
6321
5250
1254
17133
2516
7268
4857
7608
9646
3185
6373
7418
11902
15974
4298
4978
862
10260
8904
3409
8938
7274
4845
11508
2333
10441
8085
9693
1730
2121
14597
3242
7611
5118
7036
2748
17003
9791
1927
7793
2780
3648
3645
4051
2652
5744
12592
14807
5731
5799
11503
3678
2369
12465
16096
8868
724
7613
2392
6971
6633
15069
1295
9165
1241
11556
4629
4224
11328
7437
8844
7540
4265
13727
3793
2577
6603
5046
11415
2829
4295
8108
7608
1982
1633
8494
1874
1675
4776
3373
1274
8273
1141
8289
5039
4973
4635
16139
4411
9634
11940
14918
7116
1471
14644
11189
2488
14989
4725
6800
1979
8646
8005
960
4413
2036
5531
10569
8310
2346
6895
4133
11693
13137
1001
3099
6877
7835
3275
9040
7245
16627
3098
8208
12877
9922
8856
1555
6193
4575
8747
9586
5291
16721
10689
1803
3742
4207
5379
7555
9154
11290
16611
4848
11791
3936
9159
8958
16290
9827
4844
6484
7438
11907
2643
16953
7999
16384
8859
1757
14467
8282
14745
12843
4818
1300
2731
7669
2147
2315
4476
4539
7465
11452
7022
10631
14869
6244
4642
7690
10276
1418
2177
12423
1682
5694
12688
12858
14854
1661
12702
8503
13760
15072
3753
1842
7071
8029
12116
6900
8088
1398
8384
4223
13577
5158
5696
6432
15466
17013
4367
7649
7923
6997
2000
11180
4670
7887
8984
13403
770
5555
5960
6529
11850
9352
12481
4896
5379
15444
7254
8429
3814
13343
6035
1062
5938
4320
16248
4935
5943
8938
6526
9246
2548
7362
11552
11087
8755
8465
9095
8880
8943
2719
4114
8401
3115
11750
16557
2932
4561
8816
5242
1085
3420
971
989
12122
8577
7680
9212
7014
2932
4683
8785
11654
8365
6369
15681
2362
15214
14623
15490
6146
8667
9416
12537
8201
4321
17720
3392
2844
7839
9985
16408
8611
3501
2815
9065
5275
15611
823
12234
5032
6677
7815
4281
2723
12440
3219
8957
8218
15854
2289
14172
10779
12085
2125
9685
3561
2074
4899
2194
1437
1309
4379
11174
10729
8529
11096
3754
11979
3033
2304
1103
8169
3084
5151
2814
8143
3253
7391
2785
5427
5584
15743
955
10475
12014
5524
4526
17235
5266
1896
2042
7535
13927
16931
2663
9999
5646
4273
939
6229
1789
7952
10591
8282
7529
10375
5448
3670
893
3729
681
8636
2716
1403
12576
4048
4380
6366
4548
11037
4190
3664
5526
14372
15517
10045
16930
5329
5517
6688
15136
7212
1586
4060
2193
11338
7596
9558
2936
15468
3013
14160
11536
13928
6441
1432
15432
9787
8102
2936
9028
1876
10228
3880
6378
12680
9266
9685
5270
10482
1082
3769
5508
16523
6333
2632
6224
6408
2121
9971
3320
17158
1240
1474
3035
2321
14710
8809
10935
16789
779
6191
9509
5732
13661
3114
267
15446
6030
8097
3183
5544
3457
5769
4901
8494
12796
5010
5993
5139
9675
1720
10412
8298
18129
9083
4216
12755
3134
5654
9457
2686
9272
15585
13267
8522
4875
9623
16364
1930
12599
5122
6015
2372
13658
6562
10641
4809
14364
3687
4888
6313
3516
3255
2265
4382
8493
10377
4823
13526
12836
886
2504
4902
16360
5129
15902
6240
10889
8813
9830
1564
14006
1195
2141
6342
3734
11492
10584
6793
8462
3351
11967
9779
1297
11767
2930
6830
12682
5741
3485
2013
17237
8702
16547
8836
11953
8683
7661
14647
7113
8373
9607
9215
7834
7342
10492
10982
15303
11835
8178
12216
11184
12778
9165
9596
4462
13300
8942
7363
4734
9464
6848
13975
7181
8956
9184
3304
9168
5670
2119
16319
13484
15212
10127
15753
9582
1335
1551
1769
8716
15960
5246
13464
5280
12928
4704
1996
12329
6948
15683
11386
17412
9118
5945
7483
7460
14878
9299
10674
13452
11307
7696
14960
5980
10429
8839
3380
1195
8768
5203
9753
4494
4070
4155
16476
4931
3097
3190
4368
17553
6588
11268
10266
8372
7414
2291
16698
961
1248
10588
4979
11615
1640
5217
3893
4215
1839
15148
14759
7175
7673
6043
6445
8077
9667
10316
3112
6491
4162
11818
9458
8851
2081
9214
910
5733
3320
10291
2379
5346
2819
7821
5206
3494
484
5353
6058
8840
6998
11018
2420
6472
7879
10364
12854
12302
7416
2420
8979
9153
6476
14757
4975
5048
9336
9180
11162
5127
4363
11854
4245
5110
9459
17873
10008
7991
3256
6170
2824
9747
12074
661
10115
1539
5777
6999
8236
6073
10546
8952
2642
3529
4563
11191
3168
14833
16955
6497
6054
15356
3871
6321
713
13224
5436
8626
4299
4721
8830
10781
1757
3665
8675
9002
4337
14504
3553
14338
5706
7200
9791
12149
7983
11203
1663
3819
8395
1012
1892
17155
14055
7070
4066
7646
5098
7552
16662
6157
8784
7438
13924
1843
4913
2819
4670
3366
6683
16808
5732
7839
7109
17012
3809
6578
9092
5589
16194
8701
15717
5297
9501
7297
9172
82330
2201
35035
8229
11609
2567
6849
15813
11317
10320
5406
8715
1620
8118
3524
4060
6557
7137
12434
2004
14432
5580
4957
10439
12940
6801
4087
4913
1033
5170
3607
6345
2875
10977
13442
13750
5155
14452
3323
3747
3489
11494
10125
16971
11970
5039
4765
1677
4269
13135
13799
11001
5581
3134
10842
8704
15537
2637
1995
4790
12845
12234
4041
5402
9260
16466
2828
13388
14772
5473
6832
12908
6183
2873
9678
3239
2989
7883
6577
22615
14086
15177
7401
3735
16488
12041
6045
14482
10180
15028
3979
5428
4850
2801
3598
6745
925
7764
9519
15042
4494
6473
4743
2446
2748
9117
3125
8238
14718
5694
2861
4695
7539
18457
16984
15017
6996
12706
4696
5703
14712
5296
6475
4607
17714
7542
4290
3867
9071
2392
2402
8038
6106
14264
1453
17094
17668
2309
16795
9442
10370
861
18177
9063
24074
14806
4475
15123
9843
9399
5258
12040
3960
4361
15578
15238
18157
1972
15148
1606
1148
6299
13812
17803
15673
19570
1207
2122
16366
1814
17458
5153
13250
16487
2211
5175
13912
15778
7312
11236
1057
7178
11823
9449
6392
16387
16524
718
807
782
761
16353
16424
16349
16392
16382
16285
16498
16341
16427
16291
16478
16400
16375
770
16388
16387
16382
770
16369
16368
696
828
800
668
776
844
16386
16403
16390
16380
16394
16367
16407
16280
876
16378
16391
16281
16471
769
16400
16288
16472
16300
870
16394
16369
833
689
783
16392
16273
851
798
16387
16277
905
16328
16402
16353
798
16355
784
784
16343
804
16385
16404
16278
16447
16416
16297
16487
16385
769
16380
16393
16351
16423
772
16384
16365
744
16420
742
788
813
16346
767
16306
843
742
760
831
732
16426
16352
16387
16391
16338
764
16482
16333
16423
16252
873
16387
16384
16396
16354
792
16279
931
601
851
786
16389
16390
16390
16383
16285
16489
16382
16279
767
766
16479
764
777
767
16391
16385
16371
16397
16391
16330
819
16285
871
16374
780
16408
16355
773
16387
16384
16407
16373
16373
16295
16460
798
16336
813
16379
771
16379
705
14365
49849
3656
803
728
766
801
731
16386
766
16390
3259
728
806
16346
768
32009
63249
32022
16372
16398
757
63250
235085
63252
16385
766
16388
16445
711
801
16346
94494
422550
32000
281950
72422
80618
16385
81221
310865
169323
32009
20781
313700
15178
33251
388844
35011
129541
8621
125736
16386
16387
16391
16383
11474
769
14439
836
16387
732
813
16308
16372
799
732
765
767
16399
751
782
16371
765
766
768
16393
758
16386
765
1219
16387
764
772
762
765
16386
767
763
16102
2584
738
767
765
765
769
16431
16339
765
16390
16384
767
847
16405
16367
722
738
763
793
16366
16392
16457
16374
16316
16401
16463
720
798
16397
16381
16385
759
693
16416
733
863
16291
773
755
765
767
767
15085
852
676
772
797
728
765
853
680
768
16383
864
16384
679
15175
16464
16313
757
766
16386
767
16393
759
776
16386
16385
855
16438
621
16435
733
747
769
768
897
16307
800
16304
3047
16384
16405
744
16320
16505
747
16293
814
16335
16383
16385
921
31857
16391
757
778
753
764
819
714
774
761
762
764
16387
16387
766
765
766
765
766
777
759
760
767
790
740
765
766
767
771
759
765
16388
16388
16387
16385
810
720
804
765
729
767
800
767
728
766
765
767
802
769
725
765
771
12658
766
895
636
790
740
766
767
764
767
766
766
765
777
16397
16439
16313
793
738
784
749
810
720
765
765
765
811
721
846
16399
16380
16301
765
768
765
765
805
818
16387
16350
16332
766
766
765
764
765
766
816
767
714
766
765
16427
727
827
702
803
31979
16382
796
766
735
762
769
769
793
10967
800
743
755
768
805
725
763
768
766
765
16385
768
763
771
765
801
141320
16417
765
735
796
767
746
755
794
765
736
765
764
766
768
766
786
16368
16382
44707
9092
12981
16383
770
764
656859
16386
765
767
768
763
78875
16388
761
766
802
16385
734
797
764
768
730
16387
16389
765
767
16451
699
803
765
729
764
809
727
767
803
728
761
765
766
770
763
769
797
731
766
767
801
762
765
729
766
765
804
765
765
758
774
756
741
762
803
764
730
768
800
12487
799
731
765
16423
729
766
16420
777
720
765
806
726
805
766
729
761
774
16383
799
730
764
63253
16417
735
768
761
770
16382
798
767
735
799
730
16428
728
804
758
772
764
731
16425
722
2686
805
756
16358
16383
803
728
766
801
734
766
766
761
802
733
798
766
733
761
16389
16419
734
764
767
763
16389
767
762
4294
766
766
769
770
758
766
16418
735
765
797
739
5727
767
797
765
766
741
16383
763
796
733
63250
16388
16419
766
774
767
755
773
766
766
728
798
734
763
16387
16468
3012
765
1322
16420
734
764
763
172604
16386
768
768
796
735
798
725
768
764
767
802
729
804
731
16420
765
734
763
156979
16423
766
726
765
772
801
725
16390
765
32007
172599
16386
772
759
808
723
769
805
723
766
768
761
809
726
764
767
796
767
765
736
765
805
725
767
16382
799
737
761
2967
764
16423
729
766
16417
766
765
766
736
765
12957
16392
758
765
820
16334
766
766
776
754
16387
32010
13548
16386
16387
16388
16387
764
47632
32007
16386
32065
13872
11047
766
766
16386
16388
766
764
772
759
768
16387
78873
16384
798
733
768
764
765
902
16345
12163
768
12428
2138
66465
62322
7683
15176
2358
11758
2059
8563
4484
5556
5621
634
7555
3887
5612
5443
4811
5679
4605
4757
3452
16080
6758
3986
7970
10287
14327
9176
9531
12499
10349
4396
8933
4273
11179
3079
18732
15443
15319
1139
923
9928
8369
3362
1251
14816
2756
1013
2403
11734
765
766
778
753
4549
16386
767
1811
766
895
14298
6402
16387
7768
8839
3036
9156
769
762
767
766
764
765
766
770
16554
11312
765
806
4887
7669
2240
9493
9932
8906
6947
4234
4409
2006
14421
7513
984
1957
15448
2410
924
3832
3284
10968
1057
987
1779
1611
16484
758
870
794
2940
1753
1036
4397
14040
15102
2096
9033
767
764
794
777
760
731
12343
728
767
765
15605
759
767
172600
16385
776
16376
68043
27961
47630
172601
16387
763
16388
765
765
769
2216
16384
10988
5927
766
768
798
733
765
762
767
798
774
726
9290
16386
14455
735
762
765
767
766
767
762
766
804
727
769
762
767
766
766
763
800
737
793
735
765
763
803
729
784
16371
763
16428
737
758
16389
804
749
744
759
817
715
810
771
722
804
755
78861
16364
765
768
16416
775
723
765
766
799
733
798
765
734
765
766
766
765
798
733
768
767
10341
762
800
767
729
769
775
754
765
800
788
709
769
762
801
730
767
16387
16385
766
766
782
751
763
766
768
764
801
735
767
764
16388
16382
768
769
759
811
720
766
764
771
16382
766
766
765
764
809
728
16382
769
762
800
732
802
771
723
767
775
758
800
765
770
723
816
715
767
10973
767
760
805
726
806
762
771
763
752
776
733
761
769
761
766
804
730
801
730
766
767
766
765
764
766
828
699
771
765
765
802
728
768
799
732
16417
768
728
766
800
764
736
762
766
2419
763
801
78841
14834
17704
1061
988
13234
767
799
730
770
795
767
730
766
778
765
16410
16387
730
776
791
730
767
770
760
794
737
811
761
726
764
807
728
762
767
833
700
763
805
779
716
765
141355
16390
797
765
764
733
16393
16384
761
768
799
781
16371
735
767
804
729
16379
803
768
765
760
737
16385
16383
8886
761
763
768
16395
758
94494
47629
16387
800
730
765
765
765
16388
764
808
725
765
798
4014
764
6853
11443
13441
16387
769
761
16400
787
736
16382
767
799
731
766
768
764
16389
15237
1191
16384
16369
16386
804
16394
761
766
756
78842
16390
800
743
749
769
799
728
766
805
726
767
766
803
736
759
762
766
16388
800
729
798
771
730
764
846
694
803
764
125695
766
766
800
765
728
766
767
767
764
12514
714
765
16463
16317
759
771
759
768
765
769
803
724
770
762
768
767
765
795
766
735
813
719
796
731
800
731
766
786
747
16389
763
767
796
732
799
766
766
747
783
736
762
765
801
766
738
791
765
16353
766
767
768
16458
697
799
776
719
766
762
765
849
687
767
801
769
722
13706
736
765
763
796
767
733
809
721
765
768
16388
796
735
765
763
801
772
723
769
765
766
765
765
766
766
795
785
715
125738
16388
796
822
16408
741
679
771
804
729
10318
16411
16396
16331
16388
683
16480
16423
728
16304
756
16416
745
753
768
16385
766
767
770
16386
765
768
16380
16424
730
765
12358
763
766
802
735
799
759
733
800
731
16420
737
797
729
766
172606
16402
744
805
726
799
736
796
735
16416
765
736
796
732
768
804
726
783
16387
752
763
765
764
807
765
725
766
766
770
804
764
765
767
728
760
806
731
800
732
761
768
764
857
675
16490
760
16383
761
16297
856
754
9157
16353
726
749
824
708
765
766
16386
14226
792
16381
16373
16409
16315
750
16489
16283
867
16372
16402
16382
16300
851
16378
16398
744
16492
679
16296
16476
16331
746
767
16462
16292
889
730
780
16409
722
16363
16434
16379
16360
16358
842
16351
714
813
16405
16380
16302
16462
785
16290
868
16298
889
16337
16381
754
16312
810
797
5004
834
773
839
773
715
16364
765
16374
16361
16332
9087
16389
771
762
11434
13484
10956
1062
11555
714
765
771
765
32005
16387
766
764
768
804
16353
759
768
16390
793
16362
16384
759
771
766
281945
16398
789
733
768
819
16328
803
16383
731
14324
16390
119624
14735
16387
768
801
775
721
838
691
816
747
1314
9870
736
770
763
16422
728
764
16391
805
722
770
805
727
761
764
16393
803
156936
16387
766
16387
16423
732
807
772
718
763
765
770
771
778
747
16422
727
803
766
727
804
732
801
756
740
762
768
763
769
63253
47625
16433
762
727
803
765
722
13176
769
723
798
766
735
761
16424
731
769
797
728
769
820
744
766
729
800
731
768
780
757
794
897
776
16403
16361
16385
765
767
805
31971
16426
841
783
16262
842
768
777
664
774
16381
857
766
753
810
640
859
16301
853
16341
719
866
16399
675
16471
16389
16328
751
821
16301
16442
16420
16390
16372
775
16383
690
763
16494
748
16291
16384
785
16516
16349
16369
676
763
809
16382
731
818
711
16384
770
765
797
735
11726
734
16394
758
766
767
16429
764
769
721
764
778
758
762
765
125740
16417
766
765
733
766
798
765
767
779
752
764
751
747
12459
6821
1464
20821
12675
1597
2758
15519
1943
15334
515
1418
5031
13604
677
1403
1690
969
2121
802
1048
1124
15810
970
1049
974
973
1491
10535
3807
7494
2709
8307
1371
1811
586
6146
18621
3114
15098
2932
15201
13657
831
16322
6869
16483
16373
16378
16041
7868
2902
7748
11467
3459
5807
16403
16360
791
16297
848
2738
4191
3786
5369
3606
16187
3436
14051
8546
16411
15349
7099
1680
5588
2881
5174
16387
3751
4858
760
732
16288
3918
15516
15140
10105
10208
11335
16408
16282
16505
16371
16375
5301
2742
17813
9483
8639
4277
11036
12648
4700
11796
6228
1117
421
3860
10567
7393
3428
14627
15281
6127
2637
15954
426
12025
4973
3071
16609
16776
3051
13867
5100
15663
1731
18550
10893
7660
15021
1417
9728
9353
2880
1891
5236
12837
42897
11699
12976
5020
28287
3008
2918
18062
3745
14314
3087
15841
2055
17117
15910
19688
17508
16606
1962
1140
17408
16649
17331
5895
1708
4720
9875
47700
3798
14180
3257
3963
16091
15077
3724
13498
692
16381
20955
839
18969
3095
923
7326
8843
20337
786
17898
10760
768
11171
1323
1069
12650
7982
2826
6345
12851
10705
10020
13644
3593
13608
13108
15621
7788
12912
12940
14660
14845
14047
13223
14302
12876
11144
11791
14216
9236
14769
9776
14226
11199
11666
11776
9650
1272
8603
12406
14340
8882
14134
6706
11183
9834
7860
9783
12628
282
4521
11871
14414
11740
9653
9094
11024
14366
15238
14408
10460
13090
9991
8643
9726
11746
9837
9211
11892
14130
10611
14847
10490
10041
9614
12856
5240
7662
6495
11823
14926
8459
13790
9028
12499
15492
9081
10949
10069
4749
12936
10758
13769
14875
12543
12175
1480
14201
7902
8111
8543
13284
9343
3179
12663
9970
12477
9390
13064
9326
15242
8760
3163
7307
14284
12212
11315
13870
10101
2891
8567
14714
5964
10593
10457
14722
11344
12006
9559
6664
7245
11742
11430
11289
8430
10676
7791
7206
7844
11543
12324
11578
8890
6658
9682
12606
11929
10548
16262
11554
9195
10564
5538
13096
7358
9377
14782
9576
6139
8141
11275
11428
12744
14197
10669
3032
7290
6326
4576
9383
8985
7300
10781
14446
8619
10529
6563
9442
10876
6990
3360
9190
13188
9561
12843
14728
11309
5983
7332
7855
9044
11293
8813
12676
12066
1999
3108
10605
13756
2833
14762
7738
6871
12323
12102
10871
15718
9297
7815
17600
11028
7985
3142
8455
7558
2029
7872
8900
8608
6687
5891
12947
8132
10982
6384
13678
11456
10730
11239
9625
10803
13177
11743
11715
10890
10077
12229
14155
9921
12690
11238
11425
10662
14090
10234
13531
12220
9964
5593
12560
14730
7114
11077
2250
4603
14533
10185
11080
8485
9162
8440
10444
13277
5205
14984
12970
14358
11245
3168
9458
4862
9849
11402
10349
10181
12849
12198
13050
8168
10579
8834
6609
15531
10294
9817
8740
10896
11751
7377
11202
10089
12087
15084
15036
7102
11007
13472
15014
8400
5413
8406
9781
12435
15712
16021
9669
6799
8398
11768
8369
7466
10842
10189
14252
5302
3945
7350
13761
9703
2957
9029
6963
15151
10832
7768
13919
12007
11299
14098
14522
8194
11875
10623
6839
15318
7120
12391
10631
12610
12368
14338
10054
10918
9150
9604
12090
14591
9101
13610
3297
10209
12497
11591
10927
11211
7936
11985
14898
9636
13467
10724
11064
15513
10386
7326
6234
13539
12976
12022
9889
7803
2076
5073
8158
6468
6983
10588
13862
12382
7804
10281
10129
14728
11382
10865
11800
5471
15376
10843
9195
13564
10768
13541
9397
11760
11940
12053
12591
10671
13559
105
10755
14104
9270
10521
13145
11475
3730
7784
9996
11679
9602
7976
10063
11220
10963
-999000
