0
293
1270
906
8030
4805
4449
3063
1780
2076
2170
1486
2439
701
1999
0
1653
543
2238
552
3463
2374
0
1477
0
609
2756
0
0
0
1787
2646
0
1693
1253
2204
0
0
1780
0
1225
2367
591
2074
2506
1459
0
1572
2616
2529
1820
2877
3413
1419
878
1637
1485
1191
2347
1170
1651
1645
1748
3052
885
1992
2461
758
2182
1970
1566
2185
0
2030
1581
649
627
458
2198
2344
1643
1822
677
406
2737
0
2745
1166
0
534
862
1510
2581
2103
1177
391
1169
0
712
1083
556
974
1083
592
558
0
2284
0
1045
1199
1917
1132
518
1287
1040
1293
1703
2883
2113
3186
2284
2160
2065
2526
463
2049
2902
2161
3191
1009
0
2622
2830
643
3375
948
2374
2204
1614
2431
3145
1729
2478
2178
3199
2125
1189
3239
1685
2192
0
2131
2139
2141
2078
262
2409
0
673
668
0
2117
493
0
2535
2044
718
2010
997
2650
1580
7655
3606
1736
2133
1597
1730
2681
1694
1933
2204
1694
814
2479
1752
1983
1946
1778
1991
3079
3178
1458
1760
1947
2941
2241
2027
1758
2034
2339
2157
2767
3341
2115
2065
1687
1739
2078
2473
2332
1998
1990
1476
2165
1885
2395
669
1814
2482
1697
2147
0
2055
117
1272
2243
1685
1757
1448
2166
1884
1705
2000
2028
2019
1886
2157
3226
1795
2061
1693
2162
1519
2175
2027
1782
1976
2055
1886
1998
2194
1534
2070
1002
1730
2072
3529
3111
2934
1951
1836
2029
1523
1752
1722
1629
2168
2532
2551
2549
1390
2392
2285
1993
1786
1605
1935
1661
2282
1777
2127
2375
1761
2166
2345
2038
3080
1579
3271
0
1899
1924
2150
1813
2078
1494
1978
1749
1619
1572
1665
1666
1997
1855
3369
2869
2176
2244
2313
2389
2475
2055
1787
2587
1369
1731
1959
1587
2211
1663
1754
1472
2179
2336
2299
2472
2234
1661
1619
4158
2089
1626
2604
2793
1785
2074
2041
1984
1769
2011
2234
867
1954
2264
2035
1364
2912
2079
1798
2043
0
1760
280
1032
223
1934
2049
2278
1699
1831
1935
1744
2449
1549
2220
3212
3232
1993
1860
1816
1878
2359
2208
1910
3286
1882
995
2645
2095
2163
1783
1483
1811
2237
1900
1636
2013
1758
2774
2619
1731
1990
2510
1989
3823
1403
1993
1662
2046
1199
1623
2040
1764
1869
1942
1999
1763
2003
2105
3081
2810
1494
1859
2172
0
1504
1728
990
0
953
1995
4584
1752
4975
692
1835
2137
1490
0
0
2854
2203
1633
648
1480
0
1788
1378
0
1991
2061
566
731
1530
0
0
480
2354
1377
0
0
0
683
1818
0
0
2334
0
696
1884
2591
1556
1813
2341
2490
3952
1777
502
1551
1151
2202
2231
2359
1362
0
1685
989
1684
0
1701
405
453
1507
536
1274
514
1832
0
971
0
2189
1865
625
1841
2296
1470
1713
2058
1505
0
2251
0
1715
1315
1545
1595
2346
1554
1303
1530
1743
909
2253
1462
1117
1462
0
2065
1534
1443
1239
1764
2893
2077
0
1436
3374
2587
3005
0
0
1414
1946
2853
0
3250
2601
1914
2133
2130
917
0
0
0
1479
2462
781
1507
716
654
685
0
2352
2004
0
0
1980
1729
1302
1729
2307
841
2204
2967
1895
2166
1294
591
1882
0
2091
0
0
2319
3842
1449
562
2110
0
614
0
615
2232
1506
767
1120
2144
1426
3285
0
2249
1713
417
699
828
2564
1895
0
1623
2062
2346
0
2297
3157
2487
1490
623
543
1601
2364
2251
1736
608
841
2303
1702
1077
2257
1616
0
972
1255
2318
2978
2211
2166
0
2943
1430
1035
2732
2176
720
2346
1593
1598
1318
1908
519
0
0
771
2740
4557
1688
2201
2546
2424
0
471
721
0
995
1620
2721
1794
2085
1296
0
0
0
0
748
311
144
957
990
409
0
1202
0
1885
2408
2701
2354
1044
2091
2236
882
2286
1087
786
1055
448
0
409
2392
0
2290
451
834
1375
1079
796
2556
1527
580
1984
3104
2860
2397
1635
1585
2235
2046
2449
1266
2363
687
0
0
2407
576
562
0
0
0
0
3708
582
1841
2199
3832
647
2288
0
0
866
580
754
454
0
979
1338
2481
534
1638
0
1209
0
0
0
1010
923
919
1230
1214
2893
2366
2207
685
0
877
3585
1637
2033
1320
1276
856
1590
2725
1209
0
0
0
2092
1603
976
3620
0
2208
0
2984
0
2215
1576
0
2136
2426
2287
1373
1998
0
0
2404
1108
1262
2257
0
0
1508
0
0
854
2599
2551
2107
0
1105
1520
1034
2326
2603
682
1751
337
0
2097
672
2385
2348
0
541
966
0
485
1959
3953
1266
422
2254
615
1759
1965
0
1344
1821
0
0
948
0
1163
0
0
1073
2216
0
0
0
2039
0
2218
0
0
2490
0
1619
1599
0
1367
2157
0
1554
0
2070
0
2090
2241
740
2194
638
0
1460
693
1641
2129
2380
589
1596
1967
0
2190
2332
0
263
0
1726
1159
2514
2529
1202
1688
1082
1871
391
2270
2462
1796
0
2414
0
737
2867
3241
2171
1645
0
684
1318
1067
2908
0
2013
2451
0
1590
438
2837
5086
4863
5060
2293
961
2228
2628
6504
863
1992
3399
721
162
1002
158
2192
159
1997
2991
6303
1997
2384
1393
4769
2367
4271
1593
1839
2180
1989
380
1251
998
1121
1878
1895
1942
2616
1698
2052
3358
1803
1737
2757
2337
1703
2856
1996
1999
1847
1562
1905
749
981
2081
2777
1454
981
1944
1925
2372
4797
998
6369
3006
1877
1902
2171
2708
1718
1928
2077
1826
1564
1926
1831
3151
2138
1934
1640
1984
1376
1619
1980
1813
2345
2144
1720
2389
1937
1745
1824
2550
2676
3020
0
995
977
1619
2012
1754
2010
2302
1991
1724
1608
2001
2084
2055
2029
1539
2947
1990
2036
3815
2261
2451
1785
1070
5473
1096
8081
8901
6204
4416
7585
7078
4216
1607
2481
1091
2669
7007
997
5572
2884
5466
5060
2050
5302
3676
2592
3988
4955
2058
5724
6809
7319
2145
7904
3800
5074
1819
4976
2096
0
4316
4969
4619
11185
6263
2845
1993
7732
4667
5781
5272
5527
606
3789
3601
4953
2522
4788
4653
5420
7257
4838
5566
7212
4547
3345
5548
9077
6347
6392
6162
5576
5041
9129
4598
4621
1953
5048
5854
3122
6121
6381
8792
5129
5432
4320
6247
5935
6579
6733
4187
5123
6172
5249
4961
5436
4973
4973
5438
5259
5941
5009
5298
6592
5329
4178
2475
9199
7562
5138
1718
5389
5179
8208
1982
2991
5582
5111
5682
4286
6220
5612
6140
4927
5658
5652
5617
4402
9029
6746
5228
5227
5092
5707
2466
6121
3520
5094
0
0
7512
9852
3836
3793
7510
6927
1513
3782
4926
3595
2281
1791
4883
3631
3203
4817
3303
4868
4786
4692
1822
3780
3987
5103
0
4089
1559
4771
2998
2607
2595
3726
3304
1005
4988
3117
2965
2582
3511
558
3888
2497
2601
2566
4712
2928
0
0
0
0
0
0
0
0
0
0
0
0
0
0
0
0
0
0
0
0
0
0
0
0
0
0
0
0
0
0
0
0
0
0
0
0
0
0
0
0
0
0
0
0
0
0
0
0
0
0
0
0
0
0
0
0
0
0
0
0
0
0
0
0
0
0
0
0
0
0
0
0
0
0
0
0
0
0
0
0
0
0
0
0
0
0
0
0
0
0
0
0
0
0
0
0
0
0
0
0
0
0
0
0
0
0
0
0
0
0
0
0
0
0
0
0
0
0
0
0
0
0
0
0
0
0
0
0
0
0
0
0
0
0
0
0
0
0
0
0
0
0
0
0
0
0
0
0
0
0
0
0
0
0
0
0
0
0
0
0
0
0
0
0
0
0
0
0
0
0
0
0
0
0
0
0
0
0
0
0
0
0
0
0
0
0
0
0
0
0
0
0
0
0
0
0
0
15625
109342
15627
0
126714
0
0
0
2996
15624
0
0
15618
1993
1993
384455
0
0
0
0
0
0
0
0
0
0
0
0
0
0
0
15619
0
0
0
0
0
0
0
0
0
0
0
0
0
0
0
0
0
0
0
0
0
0
0
0
0
0
0
0
0
0
0
0
0
0
0
0
0
0
0
0
0
0
0
0
0
0
0
0
0
0
0
0
0
0
0
0
0
0
0
0
0
0
0
0
0
0
0
0
0
0
0
0
0
0
0
0
0
0
0
0
0
0
0
0
0
0
0
0
0
0
0
0
0
0
0
0
0
0
0
0
0
0
0
0
0
0
0
0
0
0
0
0
0
0
0
0
0
0
0
0
0
0
0
0
0
0
0
0
0
0
15621
0
0
0
0
0
0
0
0
0
0
0
0
0
0
0
0
0
0
0
0
0
0
0
0
0
0
0
0
0
0
0
0
0
0
0
0
0
0
0
0
0
0
0
0
0
0
0
0
0
0
0
0
0
0
0
0
0
0
0
0
0
0
0
0
0
0
0
0
0
0
0
0
0
0
0
0
0
0
0
0
0
0
0
0
0
0
0
0
0
0
0
0
0
0
0
0
0
0
0
0
0
0
0
0
0
0
0
0
0
0
0
0
0
0
0
0
0
0
0
0
0
0
0
15620
0
0
0
0
0
0
0
0
0
0
0
0
0
0
0
0
0
0
0
0
0
0
0
0
0
0
0
0
0
0
0
0
0
0
0
0
0
0
0
0
0
0
0
0
0
0
0
0
0
0
0
0
0
0
0
0
0
0
0
0
0
0
0
0
0
0
0
0
0
0
0
0
0
0
0
0
0
0
0
0
0
0
0
0
0
0
0
0
0
0
0
0
0
0
0
0
0
0
0
0
0
0
0
0
0
0
0
0
0
0
0
0
0
0
0
0
0
0
0
0
0
0
0
0
0
0
0
0
0
0
0
0
0
0
0
0
0
0
0
0
0
0
0
0
0
0
0
62508
0
0
0
0
0
0
0
0
0
0
0
0
0
0
0
0
0
0
0
0
0
0
0
0
0
0
0
0
0
0
0
0
0
0
0
0
0
0
0
0
0
0
0
0
0
0
0
0
0
0
0
0
0
0
0
0
0
0
0
0
0
0
0
0
0
0
0
0
0
0
0
0
15621
0
0
0
0
0
0
0
0
0
0
0
0
0
0
0
0
0
0
0
0
0
0
0
0
0
0
0
0
0
0
0
0
0
0
0
0
0
0
0
0
0
0
0
0
0
0
0
0
0
0
0
0
0
0
0
0
0
0
0
15634
15618
0
0
0
0
0
0
0
0
0
78050
997
0
0
0
0
0
0
0
0
0
0
0
0
0
0
0
0
0
0
0
0
0
0
791
0
39998
11277
0
0
0
0
0
0
0
0
0
499
0
0
0
0
0
0
0
0
0
0
0
0
0
0
0
0
0
0
0
0
0
0
0
985
0
999
2041
718
1788
0
0
0
438
0
998
1196
0
0
0
0
0
0
0
0
0
0
0
0
1290
0
0
0
0
0
0
0
0
0
0
0
0
0
0
0
0
0
0
0
0
996
1268
0
0
0
0
0
0
0
0
0
0
0
0
0
1013
0
0
0
0
0
0
0
0
1789
2006
0
0
0
0
1009
0
807
0
0
0
0
0
0
0
0
0
0
0
0
0
0
0
0
0
0
15621
0
15622
93728
0
0
0
0
0
0
0
0
0
0
0
0
0
0
0
0
0
0
0
0
0
0
0
0
0
0
0
0
0
0
0
0
0
0
0
0
0
0
0
0
0
0
0
0
0
0
0
0
0
0
0
0
0
0
0
0
0
0
0
0
0
0
0
0
0
0
0
0
0
0
0
0
0
0
0
0
0
0
0
0
0
0
0
0
0
0
0
0
0
0
0
0
0
0
0
0
0
0
0
0
0
0
0
0
0
0
0
0
0
0
0
0
0
0
0
0
0
0
0
0
0
0
0
0
0
0
0
0
0
0
0
0
0
0
0
0
0
0
0
0
0
0
0
0
0
0
0
0
0
0
0
0
0
0
0
0
0
0
0
0
0
0
0
0
0
0
0
0
0
0
0
0
0
0
0
0
0
0
0
0
0
0
0
0
0
0
0
0
0
0
0
0
0
0
0
0
0
0
0
0
0
0
0
0
0
0
0
0
0
0
0
0
0
0
0
0
0
0
0
0
0
0
0
0
0
0
0
0
0
0
0
0
0
0
0
0
0
0
0
0
0
0
0
15620
0
0
0
0
0
0
0
0
0
0
0
0
0
0
0
0
0
0
0
0
0
0
0
0
0
0
0
0
0
0
15622
0
0
0
0
0
0
0
0
0
0
0
0
0
0
0
0
0
0
0
0
0
0
0
0
0
0
0
0
0
0
0
0
0
0
0
0
0
0
0
0
0
0
0
0
0
0
0
0
0
0
0
0
0
0
0
0
0
0
0
0
0
0
0
0
0
0
0
0
0
0
0
15621
0
0
0
0
0
0
0
0
0
0
0
0
0
0
0
0
0
0
0
0
0
0
0
0
0
0
0
0
0
0
0
0
0
0
0
0
0
0
0
0
0
0
0
0
0
0
0
0
0
0
0
0
0
0
0
0
0
0
0
0
0
0
0
0
0
0
0
0
0
0
0
0
0
0
0
0
0
0
0
0
0
0
0
0
0
0
0
0
0
0
0
0
0
0
0
0
0
0
0
0
0
0
0
0
46864
0
0
0
0
0
0
0
0
0
0
0
0
0
0
0
0
0
0
0
0
0
0
0
0
0
0
0
0
0
0
0
0
0
0
0
0
0
0
0
0
0
0
0
0
0
0
0
0
0
0
15620
0
0
0
0
0
0
0
0
0
0
0
0
0
0
0
0
0
0
0
0
0
0
0
0
0
0
0
0
0
0
0
0
0
0
0
0
0
0
0
0
0
0
0
0
0
0
0
0
0
0
0
0
0
0
0
0
0
0
0
0
0
0
0
0
0
0
0
0
0
0
0
0
0
0
0
0
0
0
0
0
0
0
0
0
0
0
0
0
0
0
0
0
0
0
0
0
0
0
0
0
0
0
0
0
0
0
0
0
0
0
0
0
0
0
0
0
0
0
0
0
0
0
0
0
0
0
0
0
0
0
0
0
0
0
0
0
0
0
0
0
0
0
0
0
0
0
0
0
0
0
0
0
0
0
0
15621
0
0
0
0
0
0
0
0
0
0
0
0
0
0
0
0
0
0
0
0
0
0
995
0
0
0
0
0
0
0
0
0
0
0
0
0
0
0
0
0
15621
0
0
0
0
0
0
0
0
0
0
0
0
0
0
0
0
0
0
0
0
0
0
0
0
0
0
0
0
15615
0
0
0
0
0
0
0
0
0
0
0
0
0
0
0
0
0
0
0
0
0
0
0
0
0
0
0
0
0
0
0
0
0
0
0
0
0
0
0
0
0
0
0
0
0
0
0
0
0
0
0
0
0
0
0
0
0
0
0
0
0
0
0
0
0
0
0
0
0
0
0
0
0
0
0
0
0
0
0
0
0
0
0
0
0
0
0
0
0
0
0
0
0
0
0
0
0
0
0
0
0
0
0
0
0
0
0
0
0
0
0
0
0
0
0
0
0
0
0
0
0
0
0
0
0
0
0
0
0
998
0
2042
0
0
0
0
0
0
0
0
0
827
0
0
0
0
0
0
0
0
0
0
0
0
0
0
1859
0
0
0
0
1352
0
0
0
959
1004
0
0
0
0
0
0
0
0
0
0
0
0
0
0
0
0
0
0
0
803
0
0
1074
0
0
998
0
0
0
0
0
0
0
0
0
0
0
0
0
0
0
656
0
0
1030
0
0
0
0
0
0
0
1020
0
0
0
999
0
0
0
2050
0
0
0
0
0
0
0
2114
1884
0
1343
1523
384
0
942
0
0
0
2168
996
933
996
0
0
0
0
0
0
0
0
1820
1000
0
970
0
996
0
0
0
997
0
0
0
0
1633
0
0
877
0
0
0
0
0
0
0
0
0
0
0
0
448
0
0
0
0
1003
0
0
0
0
0
0
0
0
0
0
0
0
0
963
0
0
0
0
0
0
0
0
0
978
1396
0
1012
1766
1802
1107
1266
955
1726
0
862
916
1008
1655
463
1848
1010
1736
1723
1601
1111
1416
1746
1458
1308
1631
937
1853
944
1597
1022
591
1787
586
1772
991
990
1010
0
997
2174
2255
0
908
1236
1018
1009
1014
1143
1381
959
1883
1267
2009
1012
1320
964
994
1200
1631
1155
1719
1762
1182
1070
1318
1387
1019
1012
1006
1021
1011
1099
1017
1230
1955
1198
1012
1188
1010
1246
1529
1175
902
933
1017
912
1880
946
1017
1009
0
1156
1062
1054
1353
1748
1019
0
712
851
1146
2007
1151
1012
0
1639
1183
1012
1889
1700
1150
1612
1314
1014
1827
1404
1008
1908
1123
995
918
1069
1008
1014
1631
1734
1597
1103
1554
1019
1557
1002
1025
1102
998
1020
1708
1000
0
950
990
994
1627
1107
1584
1004
1021
1802
670
0
0
0
0
0
926
1006
472
714
996
0
466
1131
574
1347
1161
1776
607
1702
0
1017
1200
1003
0
1679
1145
1015
1175
539
1128
1650
1188
1065
1630
1648
999
1183
0
1068
1183
794
1019
939
1510
1030
911
0
1662
1209
1013
710
1650
599
1139
945
0
939
0
944
912
995
944
1071
576
1247
1008
4348
1917
1057
1591
1670
1081
1127
1013
1191
994
1140
1011
0
1016
1020
1786
910
1549
0
1672
1134
0
1763
1110
942
1177
979
855
1799
841
1319
998
1043
409
1059
1296
1683
961
1696
1124
1490
1181
2013
665
1764
801
2026
949
1904
1013
1129
1001
1029
1623
906
1576
1428
945
1010
1080
429
1058
947
1207
748
1399
1132
992
1143
1010
1017
1007
0
1237
1014
1002
1571
1602
1166
1760
1557
0
1013
0
1123
0
1123
1442
1295
1548
1001
0
1634
1684
1777
2010
881
1113
1208
1164
2014
1012
1565
915
1502
2035
1834
1174
2005
995
1024
958
1863
967
917
710
1643
0
1167
965
1045
1603
2012
1163
1556
844
1039
1919
320
1015
1679
994
1024
1054
892
720
1156
957
1226
908
1014
1116
627
1166
921
1361
944
1581
354
0
1135
0
324
1000
1091
989
1196
993
2039
1256
939
1013
0
0
1712
1271
943
1012
1077
678
1014
1834
1573
959
1826
715
911
1863
1012
938
1009
1962
1325
1024
313
1127
0
1225
1731
1200
1500
1169
914
