1015444
1000211
1003549
1005558
1005194
1007785
1002251
1007276
1009412
1004320
1002853
1004182
1003600
1005531
1013366
1001839
1011988
1007402
1008723
1000271
1006969
1012806
1002341
1007864
1013981
1000496
1015425
1009944
1000095
1001918
1004376
1004853
1015451
1004869
1011795
1010098
1007769
1005660
1002995
1007080
1009773
1010125
1000578
1006222
1008100
1002893
1000157
1006181
1003323
1001261
1012236
1002455
1012617
1014594
1004135
1005140
1005329
1015710
1007811
1001701
1004877
1007943
1001652
1002779
1001742
1006474
1008800
1009228
1007372
1007979
1001505
1001774
1004583
1001229
1007668
1009944
1004592
1000257
1003486
1004573
1000500
1005362
1011745
1013617
1010336
1002676
1002729
1007480
1015610
999901
1006263
1002562
1007743
1010313
1014760
1008022
1012455
1015320
1003864
1004876
1005377
1005382
1001049
1009154
1007032
1008880
1001368
1007033
1010181
1006189
1003942
1008546
1000911
1005300
1007884
1002812
1006603
1007445
1008959
1006410
1002248
1010447
1006442
1001342
1015830
1009035
1016050
1003297
1004504
1001258
1003366
1001631
1007518
1008731
1003722
1006043
1005787
1001743
1006219
1011857
1002915
1000217
1005269
1009856
1006446
1000467
1001523
1008634
1004090
1013914
1014321
1014924
1006803
1008724
1005667
1013388
1001327
1008338
1005645
1007977
1002731
1000567
1007047
1004300
1009010
1009048
1007856
1016792
1016844
1008597
1001608
1000067
1013419
1000333
1000862
1012541
1016014
1013301
999883
1000343
1000975
1004450
1013662
1006630
1011019
1015529
1015724
1009265
1008325
1010179
1010591
1004685
1008184
1010336
1012428
1006662
1008944
1013152
1012274
1009051
1004125
1007367
1004270
1008196
1004251
1005756
1015967
1003291
1012827
1004901
1005890
1002457
1002410
1012446
1000513
1007280
1006500
1005767
1014997
1005405
1012377
1006291
1007664
1000252
1006782
1002941
1003040
1005321
1004250
1000254
1016133
1001516
1006268
1003857
1006608
1008646
1002185
1005373
1006418
1010902
1014974
1003298
1003978
999862
1009260
1007904
1002409
1007938
1006274
1003845
1010508
1001333
1009441
1007085
1008693
1000730
1001121
1013597
1002242
1006611
1004118
1006036
1001748
1016003
1008791
1000927
1006793
1001780
1002648
1002645
1003051
1001652
1004744
1011592
1013807
1004731
1004799
1010503
1002678
1001369
1011465
1015096
1007868
999724
1006613
1001392
1005971
1005633
1014069
1000295
1008165
1000241
1010556
1003629
1003224
1010328
1006437
1007844
1006540
1003265
1012727
1002793
1001577
1005603
1004046
1010415
1001829
1003295
1007108
1006608
1000982
1000633
1007494
1000874
1000675
1003776
1002373
1000274
1007273
1000141
1007289
1004039
1003973
1003635
1015139
1003411
1008634
1010940
1013918
1006116
1000471
1013644
1010189
1001488
1013989
1003725
1005800
1000979
1007646
1007005
999960
1003413
1001036
1004531
1009569
1007310
1001346
1005895
1003133
1010693
1012137
1000001
1002099
1005877
1006835
1002275
1008040
1006245
1015627
1002098
1007208
1011877
1008922
1007856
1000555
1005193
1003575
1007747
1008586
1004291
1015721
1009689
1000803
1002742
1003207
1004379
1006555
1008154
1010290
1015611
1003848
1010791
1002936
1008159
1007958
1015290
1008827
1003844
1005484
1006438
1010907
1001643
1015953
1006999
1015384
1007859
1000757
1013467
1007282
1013745
1011843
1003818
1000300
1001731
1006669
1001147
1001315
1003476
1003539
1006465
1010452
1006022
1009631
1013869
1005244
1003642
1006690
1009276
1000418
1001177
1011423
1000682
1004694
1011688
1011858
1013854
1000661
1011702
1007503
1012760
1014072
1002753
1000842
1006071
1007029
1011116
1005900
1007088
1000398
1007384
1003223
1012577
1004158
1004696
1005432
1014466
1016013
1003367
1006649
1006923
1005997
1001000
1010180
1003670
1006887
1007984
1012403
999770
1004555
1004960
1005529
1010850
1008352
1011481
1003896
1004379
1014444
1006254
1007429
1002814
1012343
1005035
1000062
1004938
1003320
1015248
1003935
1004943
1007938
1005526
1008246
1001548
1006362
1010552
1010087
1007755
1007465
1008095
1007880
1007943
1001719
1003114
1007401
1002115
1010750
1015557
1001932
1003561
1007816
1004242
1000085
1002420
999971
999989
1011122
1007577
1006680
1008212
1006014
1001932
1003683
1007785
1010654
1007365
1005369
1014681
1001362
1014214
1013623
1014490
1005146
1007667
1008416
1011537
1007201
1003321
1016720
1002392
1001844
1006839
1008985
1015408
1007611
1002501
1001815
1008065
1004275
1014611
999823
1011234
1004032
1005677
1006815
1003281
1001723
1011440
1002219
1007957
1007218
1014854
1001289
1013172
1009779
1011085
1001125
1008685
1002561
1001074
1003899
1001194
1000437
1000309
1003379
1010174
1009729
1007529
1010096
1002754
1010979
1002033
1001304
1000103
1007169
1002084
1004151
1001814
1007143
1002253
1006391
1001785
1004427
1004584
1014743
999955
1009475
1011014
1004524
1003526
1016235
1004266
1000896
1001042
1006535
1012927
1015931
1001663
1008999
1004646
1003273
999939
1005229
1000789
1006952
1009591
1007282
1006529
1009375
1004448
1002670
999893
1002729
999681
1007636
1001716
1000403
1011576
1003048
1003380
1005366
1003548
1010037
1003190
1002664
1004526
1013372
1014517
1009045
1015930
1004329
1004517
1005688
1014136
1006212
1000586
1003060
1001193
1010338
1006596
1008558
1001936
1014468
1002013
1013160
1010536
1012928
1005441
1000432
1014432
1008787
1007102
1001936
1008028
1000876
1009228
1002880
1005378
1011680
1008266
1008685
1004270
1009482
1000082
1002769
1004508
1015523
1005333
1001632
1005224
1005408
1001121
1008971
1002320
1016158
1000240
1000474
1002035
1001321
1013710
1007809
1009935
1015789
999779
1005191
1008509
1004732
1012661
1002114
999267
1014446
1005030
1007097
1002183
1004544
1002457
1004769
1003901
1007494
1011796
1004010
1004993
1004139
1008675
1000720
1009412
1007298
1017129
1008083
1003216
1011755
1002134
1004654
1008457
1001686
1008272
1014585
1012267
1007522
1003875
1008623
1015364
1000930
1011599
1004122
1005015
1001372
1012658
1005562
1009641
1003809
1013364
1002687
1003888
1005313
1002516
1002255
1001265
1003382
1007493
1009377
1003823
1012526
1011836
999886
1001504
1003902
1015360
1004129
1014902
1005240
1009889
1007813
1008830
1000564
1013006
1000195
1001141
1005342
1002734
1010492
1009584
1005793
1007462
1002351
1010967
1008779
1000297
1010767
1001930
1005830
1011682
1004741
1002485
1001013
1016237
1007702
1015547
1007836
1010953
1007683
1006661
1013647
1006113
1007373
1008607
1008215
1006834
1006342
1009492
1009982
1014303
1010835
1007178
1011216
1010184
1011778
1008165
1008596
1003462
1012300
1007942
1006363
1003734
1008464
1005848
1012975
1006181
1007956
1008184
1002304
1008168
1004670
1001119
1015319
1012484
1014212
1009127
1014753
1008582
1000335
1000551
1000769
1007716
1014960
1004246
1012464
1004280
1011928
1003704
1000996
1011329
1005948
1014683
1010386
1016412
1008118
1004945
1006483
1006460
1013878
1008299
1009674
1012452
1010307
1006696
1013960
1004980
1009429
1007839
1002380
1000195
1007768
1004203
1008753
1003494
1003070
1003155
1015476
1003931
1002097
1002190
1003368
1016553
1005588
1010268
1009266
1007372
1006414
1001291
1015698
999961
1000248
1009588
1003979
1010615
1000640
1004217
1002893
1003215
1000839
1014148
1013759
1006175
1006673
1005043
1005445
1007077
1008667
1009316
1002112
1005491
1003162
1010818
1008458
1007851
1001081
1008214
999910
1004733
1002320
1009291
1001379
1004346
1001819
1006821
1004206
1002494
999484
1004353
1005058
1007840
1005998
1010018
1001420
1005472
1006879
1009364
1011854
1011302
1006416
1001420
1007979
1008153
1005476
1013757
1003975
1004048
1008336
1008180
1010162
1004127
1003363
1010854
1003245
1004110
1008459
1016873
1009008
1006991
1002256
1005170
1001824
1008747
1011074
999661
1009115
1000539
1004777
1005999
1007236
1005073
1009546
1007952
1001642
1002529
1003563
1010191
1002168
1013833
1015955
1005497
1005054
1014356
1002871
1005321
999713
1012224
1004436
1007626
1003299
1003721
1007830
1009781
1000757
1002665
1007675
1008002
1003337
1013504
1002553
1013338
1004706
1006200
1008791
1011149
1006983
1010203
1000663
1002819
1007395
1000012
1000892
1016155
1013055
1006070
1003066
1006646
1004098
1006552
1015662
1005157
1007784
1006438
1012924
1000843
1003913
1001819
1003670
1002366
1005683
1015808
1004732
1006839
1006109
1016012
1002809
1005578
1008092
1004589
1015194
1007701
1014717
1004297
1008501
1006297
1008172
1081330
1001201
1034035
1007229
1010609
1001567
1005849
1014813
1010317
1009320
1004406
1007715
1000620
1007118
1002524
1003060
1005557
1006137
1011434
1001004
1013432
1004580
1003957
1009439
1011940
1005801
1003087
1003913
1000033
1004170
1002607
1005345
1001875
1009977
1012442
1012750
1004155
1013452
1002323
1002747
1002489
1010494
1009125
1015971
1010970
1004039
1003765
1000677
1003269
1012135
1012799
1010001
1004581
1002134
1009842
1007704
1014537
1001637
1000995
1003790
1011845
1011234
1003041
1004402
1008260
1015466
1001828
1012388
1013772
1004473
1005832
1011908
1005183
1001873
1008678
1002239
1001989
1006883
1005577
1021615
1013086
1014177
1006401
1002735
1015488
1011041
1005045
1013482
1009180
1014028
1002979
1004428
1003850
1001801
1002598
1005745
999925
1006764
1008519
1014042
1003494
1005473
1003743
1001446
1001748
1008117
1002125
1007238
1013718
1004694
1001861
1003695
1006539
1017457
1015984
1014017
1005996
1011706
1003696
1004703
1013712
1004296
1005475
1003607
1016714
1006542
1003290
1002867
1008071
1001392
1001402
1007038
1005106
1013264
1000453
1016094
1016668
1001309
1015795
1008442
1009370
999861
1017177
1008063
1023074
1013806
1003475
1014123
1008843
1008399
1004258
1011040
1002960
1003361
1014578
1014238
1017157
1000972
1014148
1000606
1000148
1005299
1012812
1016803
1014673
1018570
1000207
1001122
1015366
1000814
1016458
1004153
1012250
1015487
1001211
1004175
1012912
1014778
1006312
1010236
1000057
1006178
1010823
1008449
1005392
1015387
1015524
999718
999807
999782
999761
1015353
1015424
1015349
1015392
1015382
1015285
1015498
1015341
1015427
1015291
1015478
1015400
1015375
999770
1015388
1015387
1015382
999770
1015369
1015368
999696
999828
999800
999668
999776
999844
1015386
1015403
1015390
1015380
1015394
1015367
1015407
1015280
999876
1015378
1015391
1015281
1015471
999769
1015400
1015288
1015472
1015300
999870
1015394
1015369
999833
999689
999783
1015392
1015273
999851
999798
1015387
1015277
999905
1015328
1015402
1015353
999798
1015355
999784
999784
1015343
999804
1015385
1015404
1015278
1015447
1015416
1015297
1015487
1015385
999769
1015380
1015393
1015351
1015423
999772
1015384
1015365
999744
1015420
999742
999788
999813
1015346
999767
1015306
999843
999742
999760
999831
999732
1015426
1015352
1015387
1015391
1015338
999764
1015482
1015333
1015423
1015252
999873
1015387
1015384
1015396
1015354
999792
1015279
999931
999601
999851
999786
1015389
1015390
1015390
1015383
1015285
1015489
1015382
1015279
999767
999766
1015479
999764
999777
999767
1015391
1015385
1015371
1015397
1015391
1015330
999819
1015285
999871
1015374
999780
1015408
1015355
999773
1015387
1015384
1015407
1015373
1015373
1015295
1015460
999798
1015336
999813
1015379
999771
1015379
999705
1013365
1048849
1002656
999803
999728
999766
999801
999731
1015386
999766
1015390
1002259
999728
999806
1015346
999768
1031009
1062249
1031022
1015372
1015398
999757
1062250
1234085
1062252
1015385
999766
1015388
1015445
999711
999801
1015346
1093494
1421550
1031000
1280950
1071422
1079618
1015385
1080221
1309865
1168323
1031009
1019781
1312700
1014178
1032251
1387844
1034011
1128541
1007621
1124736
1015386
1015387
1015391
1015383
1010474
999769
1013439
999836
1015387
999732
999813
1015308
1015372
999799
999732
999765
999767
1015399
999751
999782
1015371
999765
999766
999768
1015393
999758
1015386
999765
1000219
1015387
999764
999772
999762
999765
1015386
999767
999763
1015102
1001584
999738
999767
999765
999765
999769
1015431
1015339
999765
1015390
1015384
999767
999847
1015405
1015367
999722
999738
999763
999793
1015366
1015392
1015457
1015374
1015316
1015401
1015463
999720
999798
1015397
1015381
1015385
999759
999693
1015416
999733
999863
1015291
999773
999755
999765
999767
999767
1014085
999852
999676
999772
999797
999728
999765
999853
999680
999768
1015383
999864
1015384
999679
1014175
1015464
1015313
999757
999766
1015386
999767
1015393
999759
999776
1015386
1015385
999855
1015438
999621
1015435
999733
999747
999769
999768
999897
1015307
999800
1015304
1002047
1015384
1015405
999744
1015320
1015505
999747
1015293
999814
1015335
1015383
1015385
999921
1030857
1015391
999757
999778
999753
999764
999819
999714
999774
999761
999762
999764
1015387
1015387
999766
999765
999766
999765
999766
999777
999759
999760
999767
999790
999740
999765
999766
999767
999771
999759
999765
1015388
1015388
1015387
1015385
999810
999720
999804
999765
999729
999767
999800
999767
999728
999766
999765
999767
999802
999769
999725
999765
999771
1011658
999766
999895
999636
999790
999740
999766
999767
999764
999767
999766
999766
999765
999777
1015397
1015439
1015313
999793
999738
999784
999749
999810
999720
999765
999765
999765
999811
999721
999846
1015399
1015380
1015301
999765
999768
999765
999765
999805
999818
1015387
1015350
1015332
999766
999766
999765
999764
999765
999766
999816
999767
999714
999766
999765
1015427
999727
999827
999702
999803
1030979
1015382
999796
999766
999735
999762
999769
999769
999793
1009967
999800
999743
999755
999768
999805
999725
999763
999768
999766
999765
1015385
999768
999763
999771
999765
999801
1140320
1015417
999765
999735
999796
999767
999746
999755
999794
999765
999736
999765
999764
999766
999768
999766
999786
1015368
1015382
1043707
1008092
1011981
1015383
999770
999764
1655859
1015386
999765
999767
999768
999763
1077875
1015388
999761
999766
999802
1015385
999734
999797
999764
999768
999730
1015387
1015389
999765
999767
1015451
999699
999803
999765
999729
999764
999809
999727
999767
999803
999728
999761
999765
999766
999770
999763
999769
999797
999731
999766
999767
999801
999762
999765
999729
999766
999765
999804
999765
999765
999758
999774
999756
999741
999762
999803
999764
999730
999768
999800
1011487
999799
999731
999765
1015423
999729
999766
1015420
999777
999720
999765
999806
999726
999805
999766
999729
999761
999774
1015383
999799
999730
999764
1062253
1015417
999735
999768
999761
999770
1015382
999798
999767
999735
999799
999730
1015428
999728
999804
999758
999772
999764
999731
1015425
999722
1001686
999805
999756
1015358
1015383
999803
999728
999766
999801
999734
999766
999766
999761
999802
999733
999798
999766
999733
999761
1015389
1015419
999734
999764
999767
999763
1015389
999767
999762
1003294
999766
999766
999769
999770
999758
999766
1015418
999735
999765
999797
999739
1004727
999767
999797
999765
999766
999741
1015383
999763
999796
999733
1062250
1015388
1015419
999766
999774
999767
999755
999773
999766
999766
999728
999798
999734
999763
1015387
1015468
1002012
999765
1000322
1015420
999734
999764
999763
1171604
1015386
999768
999768
999796
999735
999798
999725
999768
999764
999767
999802
999729
999804
999731
1015420
999765
999734
999763
1155979
1015423
999766
999726
999765
999772
999801
999725
1015390
999765
1031007
1171599
1015386
999772
999759
999808
999723
999769
999805
999723
999766
999768
999761
999809
999726
999764
999767
999796
999767
999765
999736
999765
999805
999725
999767
1015382
999799
999737
999761
1001967
999764
1015423
999729
999766
1015417
999766
999765
999766
999736
999765
1011957
1015392
999758
999765
999820
1015334
999766
999766
999776
999754
1015387
1031010
1012548
1015386
1015387
1015388
1015387
999764
1046632
1031007
1015386
1031065
1012872
1010047
999766
999766
1015386
1015388
999766
999764
999772
999759
999768
1015387
1077873
1015384
999798
999733
999768
999764
999765
999902
1015345
1011163
999768
1011428
1001138
1065465
1061322
1006683
1014176
1001358
1010758
1001059
1007563
1003484
1004556
1004621
999634
1006555
1002887
1004612
1004443
1003811
1004679
1003605
1003757
1002452
1015080
1005758
1002986
1006970
1009287
1013327
1008176
1008531
1011499
1009349
1003396
1007933
1003273
1010179
1002079
1017732
1014443
1014319
1000139
999923
1008928
1007369
1002362
1000251
1013816
1001756
1000013
1001403
1010734
999765
999766
999778
999753
1003549
1015386
999767
1000811
999766
999895
1013298
1005402
1015387
1006768
1007839
1002036
1008156
999769
999762
999767
999766
999764
999765
999766
999770
1015554
1010312
999765
999806
1003887
1006669
1001240
1008493
1008932
1007906
1005947
1003234
1003409
1001006
1013421
1006513
999984
1000957
1014448
1001410
999924
1002832
1002284
1009968
1000057
999987
1000779
1000611
1015484
999758
999870
999794
1001940
1000753
1000036
1003397
1013040
1014102
1001096
1008033
999767
999764
999794
999777
999760
999731
1011343
999728
999767
999765
1014605
999759
999767
1171600
1015385
999776
1015376
1067043
1026961
1046630
1171601
1015387
999763
1015388
999765
999765
999769
1001216
1015384
1009988
1004927
999766
999768
999798
999733
999765
999762
999767
999798
999774
999726
1008290
1015386
1013455
999735
999762
999765
999767
999766
999767
999762
999766
999804
999727
999769
999762
999767
999766
999766
999763
999800
999737
999793
999735
999765
999763
999803
999729
999784
1015371
999763
1015428
999737
999758
1015389
999804
999749
999744
999759
999817
999715
999810
999771
999722
999804
999755
1077861
1015364
999765
999768
1015416
999775
999723
999765
999766
999799
999733
999798
999765
999734
999765
999766
999766
999765
999798
999733
999768
999767
1009341
999762
999800
999767
999729
999769
999775
999754
999765
999800
999788
999709
999769
999762
999801
999730
999767
1015387
1015385
999766
999766
999782
999751
999763
999766
999768
999764
999801
999735
999767
999764
1015388
1015382
999768
999769
999759
999811
999720
999766
999764
999771
1015382
999766
999766
999765
999764
999809
999728
1015382
999769
999762
999800
999732
999802
999771
999723
999767
999775
999758
999800
999765
999770
999723
999816
999715
999767
1009973
999767
999760
999805
999726
999806
999762
999771
999763
999752
999776
999733
999761
999769
999761
999766
999804
999730
999801
999730
999766
999767
999766
999765
999764
999766
999828
999699
999771
999765
999765
999802
999728
999768
999799
999732
1015417
999768
999728
999766
999800
999764
999736
999762
999766
1001419
999763
999801
1077841
1013834
1016704
1000061
999988
1012234
999767
999799
999730
999770
999795
999767
999730
999766
999778
999765
1015410
1015387
999730
999776
999791
999730
999767
999770
999760
999794
999737
999811
999761
999726
999764
999807
999728
999762
999767
999833
999700
999763
999805
999779
999716
999765
1140355
1015390
999797
999765
999764
999733
1015393
1015384
999761
999768
999799
999781
1015371
999735
999767
999804
999729
1015379
999803
999768
999765
999760
999737
1015385
1015383
1007886
999761
999763
999768
1015395
999758
1093494
1046629
1015387
999800
999730
999765
999765
999765
1015388
999764
999808
999725
999765
999798
1003014
999764
1005853
1010443
1012441
1015387
999769
999761
1015400
999787
999736
1015382
999767
999799
999731
999766
999768
999764
1015389
1014237
1000191
1015384
1015369
1015386
999804
1015394
999761
999766
999756
1077842
1015390
999800
999743
999749
999769
999799
999728
999766
999805
999726
999767
999766
999803
999736
999759
999762
999766
1015388
999800
999729
999798
999771
999730
999764
999846
999694
999803
999764
1124695
999766
999766
999800
999765
999728
999766
999767
999767
999764
1011514
999714
999765
1015463
1015317
999759
999771
999759
999768
999765
999769
999803
999724
999770
999762
999768
999767
999765
999795
999766
999735
999813
999719
999796
999731
999800
999731
999766
999786
999747
1015389
999763
999767
999796
999732
999799
999766
999766
999747
999783
999736
999762
999765
999801
999766
999738
999791
999765
1015353
999766
999767
999768
1015458
999697
999799
999776
999719
999766
999762
999765
999849
999687
999767
999801
999769
999722
1012706
999736
999765
999763
999796
999767
999733
999809
999721
999765
999768
1015388
999796
999735
999765
999763
999801
999772
999723
999769
999765
999766
999765
999765
999766
999766
999795
999785
999715
1124738
1015388
999796
999822
1015408
999741
999679
999771
999804
999729
1009318
1015411
1015396
1015331
1015388
999683
1015480
1015423
999728
1015304
999756
1015416
999745
999753
999768
1015385
999766
999767
999770
1015386
999765
999768
1015380
1015424
999730
999765
1011358
999763
999766
999802
999735
999799
999759
999733
999800
999731
1015420
999737
999797
999729
999766
1171606
1015402
999744
999805
999726
999799
999736
999796
999735
1015416
999765
999736
999796
999732
999768
999804
999726
999783
1015387
999752
999763
999765
999764
999807
999765
999725
999766
999766
999770
999804
999764
999765
999767
999728
999760
999806
999731
999800
999732
999761
999768
999764
999857
999675
1015490
999760
1015383
999761
1015297
999856
999754
1008157
1015353
999726
999749
999824
999708
999765
999766
1015386
1013226
999792
1015381
1015373
1015409
1015315
999750
1015489
1015283
999867
1015372
1015402
1015382
1015300
999851
1015378
1015398
999744
1015492
999679
1015296
1015476
1015331
999746
999767
1015462
1015292
999889
999730
999780
1015409
999722
1015363
1015434
1015379
1015360
1015358
999842
1015351
999714
999813
1015405
1015380
1015302
1015462
999785
1015290
999868
1015298
999889
1015337
1015381
999754
1015312
999810
999797
1004004
999834
999773
999839
999773
999715
1015364
999765
1015374
1015361
1015332
1008087
1015389
999771
999762
1010434
1012484
1009956
1000062
1010555
999714
999765
999771
999765
1031005
1015387
999766
999764
999768
999804
1015353
999759
999768
1015390
999793
1015362
1015384
999759
999771
999766
1280945
1015398
999789
999733
999768
999819
1015328
999803
1015383
999731
1013324
1015390
1118624
1013735
1015387
999768
999801
999775
999721
999838
999691
999816
999747
1000314
1008870
999736
999770
999763
1015422
999728
999764
1015391
999805
999722
999770
999805
999727
999761
999764
1015393
999803
1155936
1015387
999766
1015387
1015423
999732
999807
999772
999718
999763
999765
999770
999771
999778
999747
1015422
999727
999803
999766
999727
999804
999732
999801
999756
999740
999762
999768
999763
999769
1062253
1046625
1015433
999762
999727
999803
999765
999722
1012176
999769
999723
999798
999766
999735
999761
1015424
999731
999769
999797
999728
999769
999820
999744
999766
999729
999800
999731
999768
999780
999757
999794
999897
999776
1015403
1015361
1015385
999765
999767
999805
1030971
1015426
999841
999783
1015262
999842
999768
999777
999664
999774
1015381
999857
999766
999753
999810
999640
999859
1015301
999853
1015341
999719
999866
1015399
999675
1015471
1015389
1015328
999751
999821
1015301
1015442
1015420
1015390
1015372
999775
1015383
999690
999763
1015494
999748
1015291
1015384
999785
1015516
1015349
1015369
999676
999763
999809
1015382
999731
999818
999711
1015384
999770
999765
999797
999735
1010726
999734
1015394
999758
999766
999767
1015429
999764
999769
999721
999764
999778
999758
999762
999765
1124740
1015417
999766
999765
999733
999766
999798
999765
999767
999779
999752
999764
999751
999747
1011459
1005821
1000464
1019821
1011675
1000597
1001758
1014519
1000943
1014334
999515
1000418
1004031
1012604
999677
1000403
1000690
999969
1001121
999802
1000048
1000124
1014810
999970
1000049
999974
999973
1000491
1009535
1002807
1006494
1001709
1007307
1000371
1000811
999586
1005146
1017621
1002114
1014098
1001932
1014201
1012657
999831
1015322
1005869
1015483
1015373
1015378
1015041
1006868
1001902
1006748
1010467
1002459
1004807
1015403
1015360
999791
1015297
999848
1001738
1003191
1002786
1004369
1002606
1015187
1002436
1013051
1007546
1015411
1014349
1006099
1000680
1004588
1001881
1004174
1015387
1002751
1003858
999760
999732
1015288
1002918
1014516
1014140
1009105
1009208
1010335
1015408
1015282
1015505
1015371
1015375
1004301
1001742
1016813
1008483
1007639
1003277
1010036
1011648
1003700
1010796
1005228
1000117
999421
1002860
1009567
1006393
1002428
1013627
1014281
1005127
1001637
1014954
999426
1011025
1003973
1002071
1015609
1015776
1002051
1012867
1004100
1014663
1000731
1017550
1009893
1006660
1014021
1000417
1008728
1008353
1001880
1000891
1004236
1011837
1041897
1010699
1011976
1004020
1027287
1002008
1001918
1017062
1002745
1013314
1002087
1014841
1001055
1016117
1014910
1018688
1016508
1015606
1000962
1000140
1016408
1015649
1016331
1004895
1000708
1003720
1008875
1046700
1002798
1013180
1002257
1002963
1015091
1014077
1002724
1012498
999692
1015381
1019955
999839
1017969
1002095
999923
1006326
1007843
1019337
999786
1016898
1009760
999768
1010171
1000323
1000069
1011650
1006982
1001826
1005345
1011851
1009705
1009020
1012644
1002593
1012608
1012108
1014621
1006788
1011912
1011940
1013660
1013845
1013047
1012223
1013302
1011876
1010144
1010791
1013216
1008236
1013769
1008776
1013226
1010199
1010666
1010776
1008650
1000272
1007603
1011406
1013340
1007882
1013134
1005706
1010183
1008834
1006860
1008783
1011628
999282
1003521
1010871
1013414
1010740
1008653
1008094
1010024
1013366
1014238
1013408
1009460
1012090
1008991
1007643
1008726
1010746
1008837
1008211
1010892
1013130
1009611
1013847
1009490
1009041
1008614
1011856
1004240
1006662
1005495
1010823
1013926
1007459
1012790
1008028
1011499
1014492
1008081
1009949
1009069
1003749
1011936
1009758
1012769
1013875
1011543
1011175
1000480
1013201
1006902
1007111
1007543
1012284
1008343
1002179
1011663
1008970
1011477
1008390
1012064
1008326
1014242
1007760
1002163
1006307
1013284
1011212
1010315
1012870
1009101
1001891
1007567
1013714
1004964
1009593
1009457
1013722
1010344
1011006
1008559
1005664
1006245
1010742
1010430
1010289
1007430
1009676
1006791
1006206
1006844
1010543
1011324
1010578
1007890
1005658
1008682
1011606
1010929
1009548
1015262
1010554
1008195
1009564
1004538
1012096
1006358
1008377
1013782
1008576
1005139
1007141
1010275
1010428
1011744
1013197
1009669
1002032
1006290
1005326
1003576
1008383
1007985
1006300
1009781
1013446
1007619
1009529
1005563
1008442
1009876
1005990
1002360
1008190
1012188
1008561
1011843
1013728
1010309
1004983
1006332
1006855
1008044
1010293
1007813
1011676
1011066
1000999
1002108
1009605
1012756
1001833
1013762
1006738
1005871
1011323
1011102
1009871
1014718
1008297
1006815
1016600
1010028
1006985
1002142
1007455
1006558
1001029
1006872
1007900
1007608
1005687
1004891
1011947
1007132
1009982
1005384
1012678
1010456
1009730
1010239
1008625
1009803
1012177
1010743
1010715
1009890
1009077
1011229
1013155
1008921
1011690
1010238
1010425
1009662
1013090
1009234
1012531
1011220
1008964
1004593
1011560
1013730
1006114
1010077
1001250
1003603
1013533
1009185
1010080
1007485
1008162
1007440
1009444
1012277
1004205
1013984
1011970
1013358
1010245
1002168
1008458
1003862
1008849
1010402
1009349
1009181
1011849
1011198
1012050
1007168
1009579
1007834
1005609
1014531
1009294
1008817
1007740
1009896
1010751
1006377
1010202
1009089
1011087
1014084
1014036
1006102
1010007
1012472
1014014
1007400
1004413
1007406
1008781
1011435
1014712
1015021
1008669
1005799
1007398
1010768
1007369
1006466
1009842
1009189
1013252
1004302
1002945
1006350
1012761
1008703
1001957
1008029
1005963
1014151
1009832
1006768
1012919
1011007
1010299
1013098
1013522
1007194
1010875
1009623
1005839
1014318
1006120
1011391
1009631
1011610
1011368
1013338
1009054
1009918
1008150
1008604
1011090
1013591
1008101
1012610
1002297
1009209
1011497
1010591
1009927
1010211
1006936
1010985
1013898
1008636
1012467
1009724
1010064
1014513
1009386
1006326
1005234
1012539
1011976
1011022
1008889
1006803
1001076
1004073
1007158
1005468
1005983
1009588
1012862
1011382
1006804
1009281
1009129
1013728
1010382
1009865
1010800
1004471
1014376
1009843
1008195
1012564
1009768
1012541
1008397
1010760
1010940
1011053
1011591
1009671
1012559
999105
1009755
1013104
1008270
1009521
1012145
1010475
1002730
1006784
1008996
1010679
1008602
1006976
1009063
1010220
1009963
